<!DOCTYPE html>
<html>
<body>

<p>Access an array value of a JSON object.</p>

<p id="demo"></p>

<script>

var myObj, x;


myObj = 	{

		"id": [1,2,3,4],


		"gender": [0,1,1,1], 



		"age": [16,40,33,23],



		"income": [50000,34000,64000,20000],



		"income": ["Chinese",34000,64000,20000],




		"income": [50000,34000,64000,20000],




		"Time" :  [ 0,1,2,3,4,5,6,7,8,9,10],



		"Anger":      [[ 0,2,1,3,1,9,3,2,4,4, 3],
                  [ 1,2,1,3,1,9,3,2,4,4, 3],
                  [ 4,2,1,3,1,9,3,2,4,4, 3],
                  [ 0,2,1,3,1,9,3,2,4,4, 3]],

		"Fear":       [[ 6,2,1,3,1,3,3,2,4,4, 3],
                  [ 2,5,1,3,1,9,1,2,4,2, 3],
                  [ 1,3,1,3,1,4,3,2,4,2, 3],
                  [ 2,8,1,3,1,9,3,2,4,1, 3]],

		"Sadness":    [[ 4,9,1,3,1,5,3,2,4,3, 3],
                  [ 2,4,1,3,1,9,3,2,4,4, 3],
                  [ 1,1,1,3,1,8,3,2,4,3, 3],
                  [ 8,2,1,3,1,9,3,2,4,4, 3]],

		"Happiness":  [[ 1,7,1,3,1,9,3,2,4,4, 3],
                  [ 2,4,1,3,1,9,5,2,4,5, 3],
                  [ 3,9,1,3,1,9,2,2,4,4, 3],
                  [ 9,1,1,3,1,9,3,2,4,8, 3]]
	};


y = JSON.parse(myObj);



x = myObj.Fear[1];

document.getElementById("demo").innerHTML = x;

</script>

</body>
</html>
